size(500,500);

//se realizan cuadrículas de 25x25, salen 500/25= una cuadricula de 20x20 px
background(195);
//fila1:0
noStroke();

fill(201,199,199);
rect(175,0,25,25);

fill(176,172,170,110);
rect(200,0,25,25);

fill(147,141,139);
rect(225,0,25,25);

fill(131,124,122);
rect(250,0,25,25);

fill(189,186,181);
rect(275,0,25,25);

fill(201,199,199);
rect(300,0,25,25);

//fila2:25
// para facilitar el proceso, se copia la siguiente operación
// fill(    rect(175,25,25,25) simplemente e cambia el primer valor en x del cuadrado)

fill(182,180,177);
rect(175,25,25,25);

fill(98,90,89);
rect(200,25,25,25);
fill(63,52,54);
rect(225,25,25,25);
fill(49,38,42);
rect(250,25,25,25);
fill(57,46,47);
rect(275,25,25,25);
fill(100,88,84);
rect(300,25,25,25);
fill(161,154,146);
rect(325,25,25,25);

//fila3: 50
fill(185,183,181);
rect(150,50,25,25);

fill(74,53,65);
rect(175,50,25,25);

fill(31,21,27);
rect(200,50,25,25);

fill(44,33,36);
rect(225,50,25,25);

fill(27,20,26);
rect(250,50,25,25);

fill(33,24,30);
rect(275,50,25,25);

fill(41,30,33);
rect(300,50,25,25);

fill(112,103,98);
rect(325,50,25,25);

fill(172,167,160);
rect(350,50,25,25);

//fila4: 75

fill(185,183,181);
rect(125,75,25,25);

fill(70,48,49);
rect(150,75,25,25);
fill(70,50,50);
rect(175,75,25,25);
fill(111,78,74);
rect(200,75,25,25);

fill(150,102,94);
rect(225,75,25,25);

fill(64,41,42);
rect(250,75,25,25);

fill(121,88,83);
rect(275,75,25,25);

fill(68,44,45);
rect(300,75,25,25);

fill(45,29,32);
rect(325,75,25,25);

fill(161,154,146);
rect(350,75,25,25);

//linea5: 100

fill(171,167,167);
rect(125,100,25,25);

fill(91,72,71);
rect(150,100,25,25);

fill(174,124,114);
rect(175,100,25,25);

fill(179,126,118);
rect(200,100,25,25);

fill(158,109,100);
rect(225,100,25,25);

fill(150,102,94);
rect(250,100,25,25);

fill(164,116,109);
rect(275,100,25,25);

fill(121,88,83);
rect(300,100,25,25);

fill(67,54,54);
rect(325,100,25,25);

fill(160,154,148);
rect(350,100,25,25);



//fila6: 125

fill(167,164,163);
rect(125,125,25,25);

fill(91,72,71);
rect(150,125,25,25);

fill(181,133,123);
rect(175,125,25,25);

fill(179,126,118);
rect(200,125,25,25);

fill(167,116,108);
rect(225,125,25,25);

fill(161,111,104);
rect(250,125,25,25);

fill(164,116,109);
rect(275,125,25,25);

fill(148,113,106);
rect(300,125,25,25);

fill(64,51,51);
rect(325,125,25,25);

fill(157,151,146);
rect(350,125,25,25);

//fila7: 150

fill(172,167,167);
rect(125,150,25,25);

fill(89,69,69);
rect(150,150,25,25);

fill(143,106,101);
rect(175,150,25,25);

fill(137,95,92);
rect(200,150,25,25);

fill(145,100,98);
rect(225,150,25,25);

fill(136,95,91);
rect(250,150,25,25);

fill(109,76,74);
rect(275,150,25,25);

fill(112,83,78);
rect(300,150,25,25);
fill(72,54,54);
rect(325,150,25,25);

fill(148,140,136);
rect(350,150,25,25);

//fila8: 175

fill(184,178,177);
rect(125,175,25,25);

fill(124,97,98);
rect(150,175,25,25);

fill(120,88,85);
rect(175,175,25,25);

fill(102,68,69);
rect(200,175,25,25);

fill(96,60,59);
rect(225,175,25,25);

fill(85,53,55);
rect(250,175,25,25);

fill(97,67,70);
rect(275,175,25,25);

fill(107,77,76);
rect(300,175,25,25);

fill(102,79,77);
rect(325,175,25,25);

fill(148,144,140);
rect(350,175,25,25);

//fila9: 200

fill(182,182,184);
rect(125,200,25,25);
fill(175,155,156);
rect(150,200,25,25);

fill(163,118,115);
rect(175,200,25,25);


fill(149,104,102);
rect(200,200,25,25);

fill(153,106,102);
rect(225,200,25,25);

fill(131,89,87);
rect(250,200,25,25);

fill(133,93,90);
rect(275,200,25,25);

fill(147,110,106);
rect(300,200,25,25);

fill(142,122,117);
rect(325,200,25,25);

fill(148,144,140);
rect(350,200,25,25);


//fila10: 225

fill(182,182,184);
rect(125,225,25,25);

fill(179,173,176);
rect(150,225,25,25);

fill(175,134,130);
rect(175,225,25,25);

fill(155,107,104);
rect(200,225,25,25);

fill(160,111,110);
rect(225,225,25,25);

fill(145,102,102);
rect(250,225,25,25);

fill(139,98,93);
rect(275,225,25,25);
fill(157,124,118);
rect(300,225,25,25);

fill(142,134,131);
rect(325,225,25,25);
fill(154,153,152);
rect(350,225,25,25);

//fila11: 250

fill(177,177,181);
rect(150,250,25,25);

fill(166,137,132);
rect(175,250,25,25);

fill(156,111,106);
rect(200,250,25,25);

fill(140,84,89);
rect(225,250,25,25);

fill(131,79,84);
rect(250,250,25,25);

fill(145,106,100);
rect(275,250,25,25);

fill(144,122,115);
rect(300,250,25,25);

fill(138,137,135);
rect(325,250,25,25);

fill(157,153,159);
rect(350,250,25,25);

//fila12: 275

fill(177,177,181);
rect(150,275,25,25);

fill(121,109,106);
rect(175,275,25,25);

fill(153,114,106);
rect(200,275,25,25);

fill(156,106,103);
rect(225,275,25,25);

fill(148,102,99);
rect(250,275,25,25);

fill(145,112,105);
rect(275,275,25,25);

fill(113,102,99);
rect(300,275,25,25);

fill(130,128,126);
rect(325,275,25,25);

fill(139,137,135);
rect(350,275,25,25);

//fila13:300

fill(147,145,144);
rect(125,300,25,25);

fill(107,108,108);
rect(150,300,25,25);

fill(53,57,60);
rect(175,300,25,25);

fill(86,60,56);
rect(200,300,25,25);

fill(123,89,84);
rect(225,300,25,25);

fill(126,95,89);
rect(250,300,25,25);

fill(113,84,78);
rect(275,300,25,25);

fill(48,41,42);
rect(300,300,25,25);

fill(92,95,95);
rect(325,300,25,25);

fill(122,121,119);
rect(350,300,25,25);

fill(144,141,137);
rect(375,300,25,25);

//fila14: 325

fill(165,165,164);
rect(75,325,25,25);

fill(127,130,130);
rect(100,325,25,25);

fill(38,41,47);
rect(125,325,25,25);

fill(20,29,36);
rect(150,325,25,25);

fill(30,47,51);
rect(175,325,25,25);

fill(47,36,38);
rect(200,325,25,25);

fill(90,56,51);
rect(225,325,25,25);

fill(104,73,68);
rect(250,325,25,25);

fill(87,57,53);
rect(275,325,25,25);

fill(29,29,32);
rect(300,325,25,25);

fill(16,25,29);
rect(325,325,25,25);

fill(38,34,37);
rect(350,325,25,25);

fill(65,71,71);
rect(375,325,25,25);

fill(106,107,106);
rect(400,325,25,25);

fill(142,139,134);
rect(425,325,25,25);

//fila15: 350

fill(167,166,164);
rect(25,350,25,25);

fill(112,117,119);
rect(50,350,25,25);

fill(62,73,77);
rect(75,350,25,25);

fill(32,40,47);
rect(100,350,25,25);

fill(10,14,22);
rect(125,350,25,25);

fill(15,26,31);
rect(150,350,25,25);

fill(15,26,31);
rect(175,350,25,25);

fill(21,28,33);
rect(200,350,25,25);

fill(64,44,43);
rect(225,350,25,25);

fill(78,44,41);
rect(250,350,25,25);

fill(49,38,39);
rect(275,350,25,25);

fill(17,23,28);
rect(300,350,25,25);

fill(10,23,25);
rect(325,350,25,25);

fill(10,23,25);
rect(350,350,25,25);

fill(6,14,18);
rect(375,350,25,25);

fill(19,31,34);
rect(400,350,25,25);

fill(59,71,70);
rect(425,350,25,25);

fill(133,131,128);
rect(450,350,25,25);

//fila16: 375

fill(175,173,171);
rect(0,375,25,25);

fill(95,104,106);
rect(25,375,25,25);

fill(29,45,50);
rect(50,375,25,25);

fill(33,41,50);
rect(75,375,25,25);

fill(19,24,32);
rect(100,375,25,25);

fill(11,17,22);
rect(125,375,25,25);

fill(15,29,31);
rect(150,375,25,25);

fill(11,16,24);
rect(175,375,25,25);

fill(14,27,30);
rect(200,375,25,25);

fill(9,17,23);
rect(225,375,25,25);

fill(45,31,34);
rect(250,375,25,25);

fill(18,24,30);
rect(275,375,25,25);

fill(10,21,24);
rect(300,375,25,25);

fill(11,23,25);
rect(325,375,25,25);

fill(14,29,31);
rect(350,375,25,25);

fill(12,18,23);
rect(375,375,25,25);

fill(13,24,27);
rect(400,375,25,25);

fill(18,34,36);
rect(425,375,25,25);

fill(48,57,60);
rect(450,375,25,25);

fill(141,138,134);
rect(475,375,25,25);


//fila17: 400

fill(101,111,102);
rect(0,400,25,25);


fill(45,62,66);
rect(25,400,25,25);

fill( 21,34,39);
rect(50,400,25,25);

fill(25,37,44);
rect(75,400,25,25);

fill(18,28,34);
rect(100,400,25,25);

fill(12,23,27);
rect(125,400,25,25);

fill(15,29,31);
rect(150,400,25,25);

fill(11,19,26);
rect(175,400,25,25);

fill(7,14,21);
rect(200,400,25,25);

fill(14,21,28);
rect(225,400,25,25);

fill(17,23,27);
rect(250,400,25,25);

fill(7,15,19);
rect(275,400,25,25);

fill(7,15,19);
rect(300,400,25,25);

fill(12,24,27);
rect(325,400,25,25);

fill(13,24,27);
rect(350,400,25,25);

fill(10,18,22);
rect(375,400,25,25);

fill(15,26,30);
rect(400,400,25,25);

fill(13,25,29);
rect(425,400,25,25);

fill(13,28,29);
rect(450,400,25,25);

fill(13,28,29);
rect(475,400,25,25);

fill(104,107,108);
rect(500,400,25,25);

//fila18: 425


fill(101,111,102);
rect(0,425,25,25);

fill(45,62,66);
rect(25,425,25,25);

fill( 21,34,39);
rect(50,425,25,25);

fill(25,37,44);
rect(75,425,25,25);

fill(18,28,34);
rect(100,425,25,25);

fill(12,23,27);
rect(125,425,25,25);

fill(15,29,31);
rect(150,425,25,25);

fill(11,19,26);
rect(175,425,25,25);

fill(7,14,21);
rect(200,425,25,25);

fill(14,21,28);
rect(225,425,25,25);

fill(17,23,27);
rect(250,425,25,25);

fill(7,15,19);
rect(275,425,25,25);

fill(7,15,19);
rect(300,425,25,25);

fill(12,24,27);
rect(325,425,25,25);

fill(13,24,27);
rect(350,425,25,25);

fill(10,18,22);
rect(375,425,25,25);

fill(15,26,30);
rect(400,425,25,25);

fill(13,25,29);
rect(425,425,25,25);

fill(13,28,29);
rect(450,425,25,25);

fill(13,28,29);
rect(475,425,25,25);



//fila19: 450

fill(52,75,77);
rect(0,450,25,25);

fill(32,50,54);
rect(25,450,25,25);

fill(30,44,48);
rect(50,450,25,25);

fill(12,28,31);
rect(75,450,25,25);

fill(15,26,33);
rect(100,450,25,25);

fill(13,29,33);
rect(125,450,25,25);

fill(12,25,26);
rect(150,450,25,25);

fill(13,29,33);
rect(175,450,25,25);

fill(10,21,22);
rect(200,450,25,25);

fill(9,18,21);
rect(225,450,25,25);

fill(11,22,25);
rect(250,450,25,25);

fill(7,14,19);
rect(275,450,25,25);

fill(11,22,25); 
rect(300,450,25,25);

fill(9,21,24);
rect(325,450,25,25);

fill(10,24,25);
rect(350,450,25,25);

fill(10,21,24);
rect(375,450,25,25);

fill(6,14,17);
rect(400,450,25,25);

fill(17,32,34);
rect(425,450,25,25);

fill(11,21,24);
rect(450,450,25,25);

fill(11,21,24);
rect(475,450,25,25);

fill(30,44,48);
rect(500,450,25,25);

//Fila20, 475

fill(30,48,53);
rect(0,475,25,25);

fill(30,48,53);
rect(25,475,25,25);

fill(16,27,35);
rect(50,475,25,25);

fill(12,28,31);
rect(75,475,25,25);

fill(15,26,33);
rect(100,475,25,25);

fill(12,23,27);
rect(125,475,25,25);

fill(15,29,31);
rect(150,475,25,25);

fill(11,19,26);
rect(175,475,25,25);

fill(7,14,21);
rect(200,475,25,25);

fill(14,21,28);
rect(225,475,25,25);

fill(17,23,27);
rect(250,475,25,25);

fill(7,15,19);
rect(275,475,25,25);

fill(7,15,19);
rect(300,475,25,25);

fill(12,24,27);
rect(325,475,25,25);

fill(13,24,27);
rect(350,475,25,25);

fill(10,18,22);
rect(375,475,25,25);

fill(17,32,34);
rect(400,475,25,25);

fill(19,28,34);
rect(425,475,25,25);

fill(19,28,34);
rect(450,475,25,25);

fill(30,44,48);
rect(475,475,25,25);  
